<?xml version="1.0"?>
<opencv_storage>
<lignes>
  <_>
    <P1>
      221 409</P1>
    <P2>
      575 294</P2></_>
  <_>
    <P1>
      235 463</P1>
    <P2>
      608 334</P2></_>
  <_>
    <P1>
      209 366</P1>
    <P2>
      539 272</P2></_>
  <_>
    <P1>
      203 334</P1>
    <P2>
      511 248</P2></_>
  <_>
    <P1>
      229 443</P1>
    <P2>
      593 320</P2></_>
  <_>
    <P1>
      192 312</P1>
    <P2>
      493 235</P2></_></lignes>
<footerWidth>45</footerWidth>
<footerHeight>18</footerHeight>
<bgLearningRate>1.0000000000000001e-01</bgLearningRate>
<bgThreshold>10</bgThreshold>
<detThreshold>6</detThreshold>
</opencv_storage>
